# AmiraMesh 3D ASCII 2.0
define Markers 41
Parameters {
NumSets 1,
ContentType "LandmarkSet",
 color 0 0 1
}
Markers { float[3] Coordinates } @1
# Data section follows
@1
-6.6562500 227.9007874 -63.6566200
11.7423973 122.6179733 -60.8586273
18.4857044 115.4418259 -157.8430939
19.6181965 101.1687469 -152.1662445
19.0247860 109.7028046 -160.9889221
21.0239105 110.1700134 -174.0942535
20.0521851 125.0641403 -191.9922180
19.1451416 131.6867065 -202.2237854
17.7918587 137.5388184 -193.8640442
11.9583769 156.3614502 -174.7860107
13.0378571 112.4573975 -163.6156158
25.5746651 113.3797073 -161.3331909
-24.0341892 119.0546875 -160.8900604
58.4298859 132.2435303 -156.0056458
-27.4581852 119.5988235 -159.9836578
60.3086052 133.1044006 -153.3094482
-3.0418463 103.5480728 -154.3341827
40.2844734 112.6415405 -151.5689240
-0.4958322 122.1088867 -177.4989166
39.4443321 130.5269165 -174.8330383
-13.0032930 123.8313828 -179.3143616
46.7465363 133.5645752 -175.8481903
-37.4593925 178.2136993 -149.3408356
50.5914917 190.9046021 -145.9164276
9.3850813 126.9959335 -186.0301971
28.4075432 130.3702698 -186.0877838
-19.7039070 138.2692566 -185.7531586
50.8366203 149.0939941 -181.5797272
-30.1836033 135.2105103 -172.8928070
60.2120285 149.5906982 -167.0000000
-34.5854454 142.4724731 -171.5481110
61.7500000 157.6540527 -164.1596222
-38.2055893 151.7910309 -168.9800262
62.6420135 166.0513000 -164.6492615
-9.8771133 151.2803497 -175.0981750
33.6451797 158.9149933 -169.8399200
3.9707646 155.0390320 -176.6691895
23.0370865 160.9333344 -174.7461548
7.2403469 155.6369934 -158.9926758
16.6690903 159.4123688 -157.4467468
19.8106003 138.0820007 -177.0269928
