# AmiraMesh 3D ASCII 2.0
define Markers 41
Parameters {
NumSets 1,
ContentType "LandmarkSet",
 color 0 0 1
}
Markers { float[3] Coordinates } @1
# Data section follows
@1
9.571969 218.927048 -42.198318
-5.128660 132.266006 -50.499901
9.340066 123.258385 -138.245789
6.162032 111.486130 -130.704071
7.634250 120.517113 -140.794846
8.718750 120.878998 -151.572006
10.411490 128.758057 -164.920151
9.375484 129.714508 -170.633331
10.576393 141.689133 -164.504242
11.021805 158.136703 -153.510727
4.219285 121.125412 -141.762909
12.290594 121.552559 -143.187195
-26.742846 131.135727 -138.590134
44.856869 129.771088 -138.216019
-28.196636 136.524963 -136.357315
45.412216 132.266006 -134.096603
-13.790628 119.376465 -133.419357
29.678650 116.325882 -131.851624
-10.396800 133.026001 -155.501007
28.091980 132.480469 -154.842926
-12.875137 133.009506 -155.525864
34.187893 131.988678 -152.984573
-22.532589 183.048264 -133.799713
46.090248 179.089584 -131.713348
1.607730 131.068069 -162.063980
17.280865 130.735626 -162.003448
-20.398640 148.281006 -157.629211
40.010445 144.319778 -156.293732
-27.645828 145.950058 -148.515778
47.329449 143.336960 -146.417496
-28.608641 151.573914 -146.714722
47.329800 147.891006 -144.901993
-27.752588 158.743866 -148.666809
49.512680 154.041977 -146.171799
-6.780354 155.084946 -149.600021
27.749176 153.092133 -147.848602
2.902197 158.794891 -154.445541
20.939598 158.660828 -153.710892
7.743145 160.966873 -142.016754
14.938926 160.504883 -141.847458
12.099400 147.108994 -149.500000
