# AmiraMesh 3D ASCII 2.0
define Markers 41
Parameters {
NumSets 1,
ContentType "LandmarkSet",
 color 0 0 1
}
Markers { float[3] Coordinates } @1
# Data section follows
@1
-21.2477036 229.6237183 -79.9596481
-5.6554146 143.6162567 -39.7215462
0.6455953 103.5013351 -114.4753494
0.3206475 90.6458054 -107.8742142
-0.1258703 92.7302399 -115.4778748
3.5911775 88.7935104 -135.5243988
6.1846132 92.9896393 -159.3630829
6.2945104 94.9159317 -171.2178650
5.7735934 105.7786789 -168.8891296
1.1739396 130.9492950 -159.1667328
-2.7734399 94.6596832 -118.6700211
3.1561134 94.8864212 -118.5782318
-44.2729836 103.0749359 -127.3438034
44.5011101 105.4431763 -119.5014648
-47.3851013 105.0110245 -126.4468613
46.8576622 107.1125870 -116.2607346
-26.5274563 94.4873886 -114.3254776
23.1997490 96.5746078 -109.5522842
-18.5136604 99.7392120 -143.7904816
24.7507458 99.2949295 -141.4128113
-33.0910759 101.9089355 -145.3256378
40.1312943 103.8370285 -139.5932312
-47.6145630 163.5200043 -143.7874603
45.1005020 165.2078400 -137.7919769
-5.2956433 97.6499252 -155.6702271
14.9931240 98.4095154 -155.1986237
-36.3466721 113.0882568 -162.2559357
44.3810349 115.1289978 -157.6810760
-48.8376160 115.9005585 -143.6667938
52.7445564 118.6321106 -137.4934998
-50.7460518 121.9105225 -145.5747070
54.3750000 125.8909988 -137.6869965
-51.7975044 127.5570984 -152.9923096
55.8594017 132.4662628 -143.6938629
-19.0340786 130.5088501 -164.8531189
24.4878330 131.6187744 -163.8853760
-7.8737202 133.4721832 -159.0663605
11.9936752 131.2743683 -158.6901855
-5.0000000 137.8790588 -139.3734436
2.4218800 138.5079956 -138.9819946
10.3551874 95.4608994 -138.9519043
