# AmiraMesh 3D ASCII 2.0
define Markers 41
Parameters {
NumSets 1,
ContentType "LandmarkSet",
 color 0 0 1
}
Markers { float[3] Coordinates } @1
# Data section follows
@1
-46.270615 227.612518 -76.458595
-9.663871 148.079834 -31.918427
15.917318 116.756172 -115.868973
20.146410 105.435829 -105.185654
19.293917 111.276711 -119.121521
21.800482 107.254509 -133.101974
21.568638 112.362206 -150.787704
22.849415 111.979973 -166.440460
17.398737 122.010956 -158.206100
7.014693 142.730408 -150.681122
13.387979 111.013397 -123.011955
22.471611 114.954460 -121.608177
-22.268072 106.713303 -123.573563
48.584000 141.168030 -116.828331
-26.877584 109.407257 -121.800331
49.730637 146.445496 -114.969193
-2.942958 102.872398 -110.837204
37.685501 123.068001 -107.000000
-5.389883 109.442261 -141.492020
36.502399 129.720688 -137.434509
-15.246724 108.773422 -139.374207
44.953178 138.612793 -134.260376
-50.052456 158.143646 -140.778305
27.997757 193.867645 -133.541931
9.915414 110.187004 -148.250519
29.797764 120.087845 -146.268280
-19.176992 118.041031 -152.840240
42.761230 147.274994 -149.414658
-30.377775 116.375977 -142.052902
48.918388 156.272583 -134.185196
-34.045773 120.836052 -142.666367
47.885571 159.922974 -135.669983
-38.743416 127.822212 -145.767380
46.848644 167.517990 -140.249863
-11.885356 131.950958 -153.020874
26.542574 151.863632 -149.060211
-2.100016 139.329056 -152.099365
15.317369 147.701920 -151.411102
-2.974597 147.239349 -135.397614
7.934309 152.095032 -134.906265
23.502090 122.753998 -133.834763
