# AmiraMesh 3D ASCII 2.0
define Markers 41
Parameters {
NumSets 1,
ContentType "LandmarkSet",
 color 0 0 1
}
Markers { float[3] Coordinates } @1
# Data section follows
@1
6.644652 229.079910 -57.498631
4.673265 126.292236 -31.392010
13.331896 95.824265 -110.888557
13.818863 83.007584 -107.050499
13.174168 86.410789 -115.633049
15.831960 81.829208 -133.267044
14.623516 90.137520 -155.371750
16.115891 92.996979 -168.154953
15.348122 98.975739 -161.597473
14.231488 130.284012 -150.780319
8.420149 89.984657 -119.704170
20.092785 90.544617 -119.026169
-26.221365 102.954063 -121.659401
53.743130 105.434731 -118.931313
-26.455040 113.838722 -119.926186
56.003464 111.377174 -114.808128
-8.003973 89.443031 -111.704605
34.458237 91.861702 -110.374748
-8.761667 99.087318 -140.407043
35.049126 99.952164 -138.354904
-16.957659 102.001129 -140.920288
44.421902 103.714584 -137.796249
-33.466377 165.343994 -131.230087
54.146412 163.433395 -127.196083
5.120610 93.600792 -150.321075
25.911724 94.550514 -149.931152
-22.882231 114.395485 -153.609131
52.211906 115.446289 -149.526154
-32.744541 118.881409 -136.974182
59.746811 120.977837 -132.500000
-31.824099 122.247398 -136.498520
60.267319 125.040642 -132.392731
-34.096901 133.664978 -140.707901
62.003536 136.177826 -136.685257
-6.519866 128.441406 -145.234390
33.484627 127.771156 -139.476212
2.891598 130.740768 -152.702484
24.489578 130.752914 -151.156921
6.711126 137.025528 -134.065353
17.861200 136.438004 -131.500000
16.983952 109.665932 -144.000000
