# AmiraMesh 3D ASCII 2.0
define Markers 41
Parameters {
NumSets 1,
ContentType "LandmarkSet",
 color 0 0 1
}
Markers { float[3] Coordinates } @1
# Data section follows
@1
-5.62828302 221.95639038 -50.34577560
-1.16785002 113.50599670 -47.29999924
1.82425201 111.43048096 -142.15849304
3.04296994 96.71793365 -132.90382385
2.35983443 102.80071259 -138.36079407
2.90215826 107.21563721 -157.45526123
2.10858750 116.28412628 -170.36804199
0.56630826 122.62033844 -178.15008545
0.09176454 129.95562744 -170.59669495
-1.64885700 149.28274536 -157.66661072
-3.01708865 105.45673370 -140.33143616
6.11872530 106.20450592 -141.85302734
-35.32282639 114.87573242 -136.83047485
37.80321884 119.97499847 -137.13699341
-37.73479843 117.16907501 -133.48995972
39.42969894 122.99768066 -134.75767517
-18.18080902 101.31767273 -131.81349182
20.31309509 103.93574524 -132.18583679
-21.43384171 118.17577362 -156.55673218
21.53532791 122.59236145 -158.27429199
-17.96459770 118.10227966 -157.42706299
18.06992722 120.21159363 -158.08117676
-42.67129135 172.18540955 -134.26953125
37.00389862 177.26844788 -135.83123779
-8.80252647 118.25943756 -164.55931091
10.73097610 120.76654053 -166.53692627
-38.09447479 133.63380432 -157.65547180
33.05190277 136.48469543 -161.66000366
-41.65365982 131.80789185 -148.47065735
41.53530884 137.35899353 -148.74148560
-43.90274048 138.47825623 -146.55140686
43.21148682 145.23913574 -147.95989990
-44.81301498 145.79039001 -147.02050781
42.60025024 152.25706482 -148.90217590
-19.62218857 145.40824890 -153.82133484
19.71786308 145.70275879 -152.86256409
-9.96557331 148.56144714 -157.92112732
8.80801773 149.70225525 -157.18037415
-5.67781591 150.30958557 -144.91786194
3.68098474 150.72544861 -145.63543701
1.63978696 135.79086304 -153.14004517
