# AmiraMesh 3D ASCII 2.0
define Markers 41
Parameters {
NumSets 1,
ContentType "LandmarkSet",
 color 0 0 1
}
Markers { float[3] Coordinates } @1
# Data section follows
@1
29.8061314 231.0630035 -76.6275558
13.2468996 137.9380035 -71.0000000
9.5152302 120.8667755 -149.6481628
7.4174309 107.9023132 -138.3282318
8.7329578 115.4385757 -150.4542389
7.2923079 114.7363510 -162.3860779
7.4128199 123.5290756 -178.0508118
6.9335804 125.9911270 -185.6497192
8.7446718 134.5504150 -179.0680847
11.4287567 152.3795166 -169.6149292
1.6833789 118.8970490 -150.8147583
14.5973015 118.7986450 -153.1177216
-27.9959354 132.9868469 -148.0671539
49.3064690 126.1038589 -152.8478851
-29.5004368 136.4259033 -146.6524963
50.9125290 129.8560333 -152.1877899
-12.9323444 117.2849960 -139.9746704
32.5036812 113.7147369 -143.3654175
-9.5131559 128.1675262 -165.2192383
26.1430416 125.4320526 -168.7588806
-24.8125000 133.2064209 -163.2308960
42.9537277 128.2014313 -167.4862823
-17.9714298 185.0760040 -149.5780029
51.7482109 176.9983368 -154.0977173
-0.6867244 127.3141174 -174.1861115
15.8267632 126.0513229 -175.2730255
-23.6522980 144.4478302 -171.1461182
42.3750000 138.8750000 -175.8339996
-31.3892536 145.6295166 -157.8359985
53.7461205 138.1985931 -164.1989136
-29.9673862 154.7876587 -157.7758484
55.0914421 146.0630035 -164.1440277
-30.3078156 159.8560028 -158.7715149
56.5254936 152.1321411 -165.3861694
-8.5625000 153.1940002 -164.5000000
31.7500000 149.1887817 -166.3472443
3.2137508 155.4990845 -169.2690125
20.9760780 153.9630737 -171.1545258
10.1094494 160.1615448 -157.1845245
18.4428253 159.1961670 -157.8275299
13.0549459 145.5406647 -163.5307007
