# AmiraMesh 3D ASCII 2.0
define Markers 41
Parameters {
NumSets 1,
ContentType "LandmarkSet",
 color 0 0 1
}
Markers { float[3] Coordinates } @1
# Data section follows
@1
-14.567386 221.397293 -40.433395
-16.113865 130.271851 -30.500000
-11.115440 102.740814 -118.445168
-11.456904 90.861137 -107.034935
-10.018122 95.905807 -117.000000
-9.066640 91.645515 -134.736130
-7.653102 99.390671 -156.595322
-4.967473 106.007294 -168.034805
-5.173826 114.916138 -159.258606
-7.083382 141.435623 -151.862442
-15.117702 98.636185 -120.177773
-6.010929 97.561790 -119.479744
-49.337666 111.934219 -120.276367
30.283840 112.318275 -114.692757
-52.947464 116.396019 -120.151787
32.401802 116.215454 -113.108681
-35.567093 100.509941 -112.268379
9.982783 99.006943 -107.651840
-32.788620 110.115959 -141.000000
9.533549 108.163460 -136.440384
-35.768642 111.043396 -140.856033
17.906488 110.838348 -135.592911
-52.244843 175.612228 -132.347702
34.376396 176.243088 -125.328415
-16.493479 104.686913 -152.411926
3.221263 105.125679 -151.086365
-43.458408 126.171410 -154.121475
27.448427 125.518341 -148.186081
-53.612576 128.421463 -138.595978
35.414082 129.194504 -129.714401
-57.089798 137.671585 -139.702805
38.639000 137.423080 -131.088669
-60.099453 145.730179 -141.097504
42.408699 148.262695 -132.891190
-26.448847 138.964615 -141.384094
9.355364 140.588791 -138.974213
-19.088642 143.110214 -152.212799
3.263670 144.492004 -151.468002
-13.845984 147.831253 -134.539673
-4.768695 146.956131 -133.189758
-12.443269 122.034653 -142.005157
