# AmiraMesh 3D ASCII 2.0
define Markers 41
Parameters {
NumSets 1,
ContentType "LandmarkSet",
 color 0 0 1
}
Markers { float[3] Coordinates } @1
# Data section follows
@1
1.197779 216.990967 -52.558178
-9.041622 98.840820 -61.308758
-17.156664 101.182220 -160.505615
-20.480574 87.259468 -162.006546
-19.037251 93.028641 -167.567841
-19.018898 93.869690 -178.339798
-19.546144 107.479454 -196.166122
-19.782648 114.215805 -207.876740
-17.037022 120.433929 -199.511841
-15.000631 142.546631 -180.057297
-24.886768 96.744232 -166.343201
-12.965736 95.336693 -166.795593
-55.888004 111.823174 -161.793869
20.635395 103.047989 -165.979736
-58.025990 116.256416 -158.137146
23.523325 109.470894 -162.310791
-40.756199 94.834862 -158.021622
-0.657880 89.896637 -159.405838
-39.385574 111.740585 -181.077179
3.913419 108.205086 -183.523865
-50.021400 117.099350 -179.824219
14.806114 110.697487 -182.860062
-50.657658 175.518768 -145.054886
31.642128 161.783630 -150.499054
-28.328400 109.218559 -191.369690
-9.885499 108.866791 -193.847977
-50.782276 133.858994 -186.071243
18.266220 125.521645 -189.305908
-56.787613 130.745682 -171.861389
25.061462 121.353058 -176.425735
-57.675541 137.770187 -168.985016
27.007847 126.776108 -174.933929
-60.326115 145.944809 -167.231323
30.303669 136.868546 -173.389694
-34.082802 141.807068 -174.170639
5.085879 138.030838 -177.401413
-23.158911 143.509430 -180.033310
-5.772147 142.271912 -179.877029
-18.221851 142.326080 -164.089310
-8.390087 140.206055 -164.337921
-13.325398 137.891022 -171.937958
