# AmiraMesh 3D ASCII 2.0
define Markers 41
Parameters {
NumSets 1,
ContentType "LandmarkSet",
 color 0 0 1
}
Markers { float[3] Coordinates } @1
# Data section follows
@1
-11.8298826 225.0365448 -60.0236626
6.6457658 118.2379990 -25.5757294
10.7673101 77.2240677 -123.3577194
16.7068558 63.2251816 -114.5880585
14.3821468 67.4902115 -127.4898071
19.0830669 65.3637161 -146.7034149
19.9102001 75.2688980 -170.5000000
17.8751869 83.1450272 -184.8361359
14.8836584 91.1763840 -176.7207489
7.6440244 118.5146866 -164.9286652
10.1744900 70.5643616 -131.0081329
20.4097633 72.1152725 -130.2094879
-31.8378658 81.8587799 -130.8837128
54.6677094 99.9659500 -126.3417816
-35.6374245 86.4531021 -126.6121826
57.9813309 103.6320496 -122.5195923
-14.5972080 69.2417984 -121.6898804
37.1089058 76.7309113 -118.6120148
-11.2879429 80.9033508 -151.7848358
38.2580872 94.9176483 -150.1290741
-22.8629894 84.1683655 -151.0062866
48.3918571 102.7126007 -147.4196777
-45.0501022 146.0659485 -137.1904602
47.7454910 160.1667175 -136.0088654
6.4698839 77.1543655 -160.6599884
27.2943439 83.5850525 -161.0293732
-27.0115948 93.9330978 -164.4872284
50.4879379 115.0594559 -160.8834076
-36.0822639 97.5051727 -146.7034454
58.0995636 117.6102524 -140.3927765
-41.6600952 104.8145142 -147.9236450
59.1389503 124.3242416 -141.3677673
-46.6056023 115.0975189 -148.8033752
60.1099739 136.1121979 -144.0964508
-13.0621958 110.9319229 -157.2311096
29.4794617 121.6236877 -154.4969788
-3.0945899 116.8918991 -163.5000000
16.4110260 120.2487869 -164.7783813
0.8920834 119.6005859 -146.5374756
11.9258347 122.6608658 -145.5069122
15.2649040 92.2944794 -161.5976868
