# AmiraMesh 3D ASCII 2.0


define Markers 41

Parameters {
    NumSets 1,
    ContentType "LandmarkSet"
}

Markers { float[3] Coordinates } @1

# Data section follows
@1
6.853828430175781e+000 2.291065826416016e+002 -5.762775421142578e+001 
4.638869762420654e+000 1.260781936645508e+002 -3.153705406188965e+001 
1.297348690032959e+001 9.579450988769531e+001 -1.107604980468750e+002 
1.374367237091065e+001 8.209217071533203e+001 -1.076773834228516e+002 
1.338960933685303e+001 8.680477142333984e+001 -1.160632095336914e+002 
1.489061927795410e+001 8.170334625244141e+001 -1.336086425781250e+002 
1.535797786712647e+001 8.978759002685547e+001 -1.547073211669922e+002 
1.566067790985107e+001 9.278720092773438e+001 -1.678394012451172e+002 
1.450351619720459e+001 9.943978881835938e+001 -1.613468322753906e+002 
1.331376266479492e+001 1.300955505371094e+002 -1.511485595703125e+002 
8.459686279296875e+000 8.991386413574219e+001 -1.195912322998047e+002 
1.932155609130859e+001 9.005014801025391e+001 -1.191784667968750e+002 
-2.637623977661133e+001 1.030748519897461e+002 -1.217987136840820e+002 
5.355558013916016e+001 1.048719711303711e+002 -1.185280380249023e+002 
-2.654646682739258e+001 1.144156570434570e+002 -1.191172180175781e+002 
5.665378570556641e+001 1.109192962646484e+002 -1.154022979736328e+002 
-8.495812416076660e+000 8.975621032714844e+001 -1.119093780517578e+002 
3.371120452880859e+001 9.101907348632813e+001 -1.103695297241211e+002 
-8.575042724609375e+000 9.891536712646484e+001 -1.405900878906250e+002 
3.550107955932617e+001 9.992678833007813e+001 -1.388493347167969e+002 
-1.627462196350098e+001 1.019028930664063e+002 -1.405653228759766e+002 
4.458551788330078e+001 1.032737579345703e+002 -1.381073913574219e+002 
-3.298076629638672e+001 1.652742156982422e+002 -1.311856384277344e+002 
5.434368896484375e+001 1.627437286376953e+002 -1.273004608154297e+002 
5.015284061431885e+000 9.358180999755859e+001 -1.504361724853516e+002 
2.567984199523926e+001 9.459918212890625e+001 -1.504234313964844e+002 
-2.261688423156738e+001 1.138011093139648e+002 -1.536207580566406e+002 
5.210948944091797e+001 1.160174636840820e+002 -1.499314880371094e+002 
-3.280811691284180e+001 1.189842224121094e+002 -1.352552337646484e+002 
5.974160766601563e+001 1.209367980957031e+002 -1.324526367187500e+002 
-3.383442687988281e+001 1.224978332519531e+002 -1.366300659179688e+002 
6.011475372314453e+001 1.247667388916016e+002 -1.326922912597656e+002 
-3.544853210449219e+001 1.347834320068359e+002 -1.405184020996094e+002 
6.232418823242188e+001 1.357267608642578e+002 -1.366380157470703e+002 
-7.330154418945313e+000 1.282140502929688e+002 -1.457123413085938e+002 
3.307347869873047e+001 1.279079132080078e+002 -1.393301391601563e+002 
2.993095159530640e+000 1.305658721923828e+002 -1.526137542724609e+002 
2.358823585510254e+001 1.310513153076172e+002 -1.507496643066406e+002 
7.790915489196777e+000 1.369488983154297e+002 -1.339026794433594e+002 
1.699656105041504e+001 1.369830780029297e+002 -1.322031860351563e+002 
1.750570869445801e+001 1.087031250000000e+002 -1.440598602294922e+002 

