# AmiraMesh 3D ASCII 2.0


define Markers 41

Parameters {
    NumSets 1,
    ContentType "LandmarkSet"
}

Markers { float[3] Coordinates } @1
Markers { float[3] Orientations } @2

# Data section follows
@1
-4.345471382141113e+000 2.214450073242188e+002 -4.964135742187500e+001 
1.519004225730896e+000 1.153105163574219e+002 -4.620454788208008e+001 
2.073585510253906e+000 1.117613983154297e+002 -1.426038360595703e+002 
3.325960159301758e+000 9.638029479980469e+001 -1.325226440429688e+002 
2.364595413208008e+000 1.023632507324219e+002 -1.381787109375000e+002 
2.555747985839844e+000 1.062207870483398e+002 -1.577795715332031e+002 
2.050422668457031e+000 1.159548110961914e+002 -1.701181335449219e+002 
9.182462692260742e-001 1.214082717895508e+002 -1.783137817382813e+002 
1.742362976074219e-003 1.294482727050781e+002 -1.710183410644531e+002 
-1.962464094161987e+000 1.496601104736328e+002 -1.582781372070313e+002 
-3.005845069885254e+000 1.056786956787109e+002 -1.405582275390625e+002 
6.901803970336914e+000 1.061056060791016e+002 -1.407566528320313e+002 
-3.575676727294922e+001 1.148034820556641e+002 -1.371220397949219e+002 
3.835294342041016e+001 1.193700485229492e+002 -1.374063720703125e+002 
-3.772007751464844e+001 1.173773651123047e+002 -1.346405334472656e+002 
3.977853393554688e+001 1.225789871215820e+002 -1.347541503906250e+002 
-1.815445709228516e+001 1.014546432495117e+002 -1.318298950195313e+002 
2.075106430053711e+001 1.040464324951172e+002 -1.322168884277344e+002 
-2.082814407348633e+001 1.181536254882813e+002 -1.575802001953125e+002 
2.260912704467773e+001 1.216950759887695e+002 -1.579085083007813e+002 
-1.804648208618164e+001 1.180667724609375e+002 -1.575213623046875e+002 
1.814563179016113e+001 1.200957641601563e+002 -1.582938385009766e+002 
-4.266246032714844e+001 1.724436798095703e+002 -1.346697998046875e+002 
3.732627868652344e+001 1.767006225585938e+002 -1.360620117187500e+002 
-8.651717185974121e+000 1.185001220703125e+002 -1.647740783691406e+002 
1.045003986358643e+001 1.207692337036133e+002 -1.659034881591797e+002 
-3.744997406005859e+001 1.340664215087891e+002 -1.581218414306641e+002 
3.361797332763672e+001 1.364838714599609e+002 -1.611896057128906e+002 
-4.140198516845703e+001 1.307224884033203e+002 -1.474808502197266e+002 
4.155891418457031e+001 1.372438964843750e+002 -1.489090118408203e+002 
-4.403147888183594e+001 1.385074005126953e+002 -1.466913909912109e+002 
4.326397705078125e+001 1.447742004394531e+002 -1.486912536621094e+002 
-4.490400695800781e+001 1.454714355468750e+002 -1.472452850341797e+002 
4.267074584960938e+001 1.523251342773438e+002 -1.488586425781250e+002 
-2.055055618286133e+001 1.448799285888672e+002 -1.533166809082031e+002 
1.958934974670410e+001 1.457449188232422e+002 -1.533987121582031e+002 
-9.935031890869141e+000 1.485438537597656e+002 -1.579479064941406e+002 
7.679874420166016e+000 1.499293670654297e+002 -1.579517517089844e+002 
-5.797321319580078e+000 1.496528320312500e+002 -1.453348693847656e+002 
3.726812362670898e+000 1.508482818603516e+002 -1.454956970214844e+002 
1.707506179809570e+000 1.361464843750000e+002 -1.530705718994141e+002 

@2
0.000000000000000e+000 0.000000000000000e+000 1.000000000000000e+000 
0.000000000000000e+000 0.000000000000000e+000 1.000000000000000e+000 
0.000000000000000e+000 0.000000000000000e+000 1.000000000000000e+000 
0.000000000000000e+000 0.000000000000000e+000 1.000000000000000e+000 
0.000000000000000e+000 0.000000000000000e+000 1.000000000000000e+000 
0.000000000000000e+000 0.000000000000000e+000 1.000000000000000e+000 
0.000000000000000e+000 0.000000000000000e+000 1.000000000000000e+000 
0.000000000000000e+000 0.000000000000000e+000 1.000000000000000e+000 
0.000000000000000e+000 0.000000000000000e+000 1.000000000000000e+000 
0.000000000000000e+000 0.000000000000000e+000 1.000000000000000e+000 
0.000000000000000e+000 0.000000000000000e+000 1.000000000000000e+000 
0.000000000000000e+000 0.000000000000000e+000 1.000000000000000e+000 
0.000000000000000e+000 0.000000000000000e+000 1.000000000000000e+000 
0.000000000000000e+000 0.000000000000000e+000 1.000000000000000e+000 
0.000000000000000e+000 0.000000000000000e+000 1.000000000000000e+000 
0.000000000000000e+000 0.000000000000000e+000 1.000000000000000e+000 
0.000000000000000e+000 0.000000000000000e+000 1.000000000000000e+000 
0.000000000000000e+000 0.000000000000000e+000 1.000000000000000e+000 
0.000000000000000e+000 0.000000000000000e+000 1.000000000000000e+000 
0.000000000000000e+000 0.000000000000000e+000 1.000000000000000e+000 
0.000000000000000e+000 0.000000000000000e+000 1.000000000000000e+000 
0.000000000000000e+000 0.000000000000000e+000 1.000000000000000e+000 
0.000000000000000e+000 0.000000000000000e+000 1.000000000000000e+000 
0.000000000000000e+000 0.000000000000000e+000 1.000000000000000e+000 
0.000000000000000e+000 0.000000000000000e+000 1.000000000000000e+000 
0.000000000000000e+000 0.000000000000000e+000 1.000000000000000e+000 
0.000000000000000e+000 0.000000000000000e+000 1.000000000000000e+000 
0.000000000000000e+000 0.000000000000000e+000 1.000000000000000e+000 
0.000000000000000e+000 0.000000000000000e+000 1.000000000000000e+000 
0.000000000000000e+000 0.000000000000000e+000 1.000000000000000e+000 
0.000000000000000e+000 0.000000000000000e+000 1.000000000000000e+000 
0.000000000000000e+000 0.000000000000000e+000 1.000000000000000e+000 
0.000000000000000e+000 0.000000000000000e+000 1.000000000000000e+000 
0.000000000000000e+000 0.000000000000000e+000 1.000000000000000e+000 
0.000000000000000e+000 0.000000000000000e+000 1.000000000000000e+000 
0.000000000000000e+000 0.000000000000000e+000 1.000000000000000e+000 
0.000000000000000e+000 0.000000000000000e+000 1.000000000000000e+000 
0.000000000000000e+000 0.000000000000000e+000 1.000000000000000e+000 
0.000000000000000e+000 0.000000000000000e+000 1.000000000000000e+000 
0.000000000000000e+000 0.000000000000000e+000 1.000000000000000e+000 
0.000000000000000e+000 0.000000000000000e+000 1.000000000000000e+000 

