# AmiraMesh 3D ASCII 2.0


define Markers 41

Parameters {
    NumSets 1,
    ContentType "LandmarkSet"
}

Markers { float[3] Coordinates } @1

# Data section follows
@1
-1.101887321472168e+001 2.244221801757813e+002 -5.884038543701172e+001 
7.854565620422363e+000 1.179354858398438e+002 -2.490008544921875e+001 
1.083443355560303e+001 7.712618255615234e+001 -1.233152618408203e+002 
1.650826835632324e+001 6.307259750366211e+001 -1.139113769531250e+002 
1.496391868591309e+001 6.765461730957031e+001 -1.277490844726563e+002 
1.931787300109863e+001 6.551464843750000e+001 -1.467228698730469e+002 
1.924988365173340e+001 7.457101440429688e+001 -1.707222290039063e+002 
1.728137969970703e+001 8.324941253662109e+001 -1.844800109863281e+002 
1.468272495269775e+001 9.049217224121094e+001 -1.763084869384766e+002 
6.944271087646484e+000 1.187355880737305e+002 -1.645184020996094e+002 
1.007338333129883e+001 7.052430725097656e+001 -1.304549713134766e+002 
2.055772781372070e+001 7.271630096435547e+001 -1.303430023193359e+002 
-3.206304168701172e+001 8.158262634277344e+001 -1.306068267822266e+002 
5.480064392089844e+001 9.985664367675781e+001 -1.266388702392578e+002 
-3.576213073730469e+001 8.680523681640625e+001 -1.271297607421875e+002 
5.771129608154297e+001 1.036050491333008e+002 -1.217798919677734e+002 
-1.322083663940430e+001 6.845539093017578e+001 -1.211252441406250e+002 
3.785595703125000e+001 7.717385864257813e+001 -1.187043457031250e+002 
-1.096172332763672e+001 8.104815673828125e+001 -1.512372589111328e+002 
3.842362976074219e+001 9.517681121826172e+001 -1.496314849853516e+002 
-2.284868621826172e+001 8.409658813476563e+001 -1.510749511718750e+002 
4.818122482299805e+001 1.022951354980469e+002 -1.477667236328125e+002 
-4.530021667480469e+001 1.458265838623047e+002 -1.372637023925781e+002 
4.764477539062500e+001 1.606720428466797e+002 -1.356792449951172e+002 
6.296096801757813e+000 7.669769287109375e+001 -1.606515502929688e+002 
2.724503517150879e+001 8.376237487792969e+001 -1.613362426757813e+002 
-2.690071868896484e+001 9.477555847167969e+001 -1.650314788818359e+002 
4.978990554809570e+001 1.141991500854492e+002 -1.607596130371094e+002 
-3.687516021728516e+001 9.720446777343750e+001 -1.471191558837891e+002 
5.794058990478516e+001 1.178017196655273e+002 -1.399025268554688e+002 
-4.187960052490234e+001 1.050980834960938e+002 -1.473627777099609e+002 
5.905062866210938e+001 1.244008865356445e+002 -1.410304565429688e+002 
-4.597487258911133e+001 1.153260498046875e+002 -1.494485778808594e+002 
5.992239379882813e+001 1.370582122802734e+002 -1.435961303710938e+002 
-1.338977241516113e+001 1.106173858642578e+002 -1.579181823730469e+002 
2.878701972961426e+001 1.218741149902344e+002 -1.544080505371094e+002 
-2.377811908721924e+000 1.170647430419922e+002 -1.646580505371094e+002 
1.595427799224854e+001 1.210876541137695e+002 -1.639971313476563e+002 
5.154895782470703e-001 1.200550842285156e+002 -1.462425689697266e+002 
1.197254467010498e+001 1.229160232543945e+002 -1.465191040039063e+002 
1.568287658691406e+001 9.289062500000000e+001 -1.621625518798828e+002 

